Rule,ATV/r,DRV/r,LPV/r,FPV/r,IDV/r,NFV,SQV/r,TPV/r
L10F,5,5,5,15,10,15,0,0
K20T,5,0,0,5,5,15,5,0
L23I,0,0,0,0,0,15,0,0
L24F,5,0,5,5,5,10,5,0
L24I,10,0,10,10,15,10,10,-5
L24M,5,0,5,5,5,10,5,0
D30N,0,0,0,0,0,60,0,0
V32I,15,15,15,30,15,15,0,5
L33F,5,5,5,10,5,10,5,10
K43T,0,0,0,0,0,10,0,10
M46I,10,0,10,10,10,30,10,5
M46L,10,0,10,10,10,20,10,10
M46V,5,0,5,10,10,20,5,5
I47V,10,10,15,35,15,20,0,30
I47A,0,10,60,60,15,30,0,30
G48A,10,0,10,0,10,30,60,0
G48L,10,0,10,0,10,30,60,0
G48M,30,0,10,0,10,30,60,0
G48Q,10,0,10,0,10,30,60,0
G48S,10,0,10,0,10,30,60,0
G48T,10,0,10,0,10,30,60,0
G48V,30,0,10,0,10,30,60,0
I50L,60,-10,-10,-5,-5,0,-5,-5
I50V,0,20,30,60,0,15,15,-5
F53L,10,0,0,0,0,10,15,0
I54A,15,0,15,10,15,20,15,20
I54L,15,20,20,60,10,20,15,-10
I54M,15,20,20,60,15,20,15,20
I54S,15,0,15,10,15,20,15,20
I54T,15,0,15,10,15,20,15,20
I54V,15,0,15,10,15,20,15,20
Q58E,0,0,0,0,0,10,0,15
G73A,10,0,5,10,15,15,15,0
G73C,10,0,5,10,15,15,15,0
G73D,5,0,5,5,5,10,10,0
G73S,10,0,5,10,15,15,15,0
G73T,10,0,5,10,15,15,15,0
G73V,5,0,5,5,5,10,10,0
T74P,10,5,5,10,10,20,10,25
L76V,0,20,30,60,30,10,0,-5
V82A,15,0,30,15,30,30,15,0
V82C,15,0,15,15,15,30,15,10
V82F,15,15,30,30,30,30,10,0
V82L,10,0,10,15,10,10,10,45
V82M,10,0,25,15,30,30,15,10
V82S,30,0,30,15,30,30,15,30
V82T,30,0,30,15,30,30,15,45
N83D,10,0,0,0,10,15,10,25
I84A,60,30,60,60,60,60,60,60
I84C,60,15,30,60,60,60,60,30
I84V,60,15,30,60,60,60,60,30
N88D,10,0,0,0,0,60,10,0
N88G,15,0,0,0,0,30,0,0
N88S,60,-5,0,-10,15,60,15,0
N88T,15,0,0,0,0,30,0,0
L89T,5,0,0,0,0,0,0,0
L89V,0,5,0,10,5,10,0,0
L90M,20,0,10,20,30,60,45,0